3.6580079030500954e-10
2.2663966875738134e-09
5.267792985644599e-20
1.9006096856822648e-17
8.673728540295462e-23
5.711912267110056e-18
2.5894083101246798e-15
7.566007712985843e-28
5.586651326859749e-25
0.00011971537193649746
5.300915103107234e-11
1.356674139016356e-14
7.497332218541068e-18
6.83862222593359e-08
2.323397832627547e-12
9.668869148067593e-08
2.8300914286243123e-05
1.1032529558341929e-07
2.046710966632859e-20
2.4254483981238354e-24
5.124981425507137e-42
7.47971910011012e-38
2.906821349052718e-27
1.9838520794414758e-18
3.1469125981566373e-22
3.345974529399203e-13
1.1916389085851045e-08
4.306882233661957e-11
1.1018405557847758e-25
5.339353694798437e-17
2.2826855204344486e-15
1.7148956649259886e-21
2.499343921290963e-23
2.2225712921333046e-15
1.6778500073203368e-21
1.3916435779240002e-24
1.86702677672416e-14
6.862906779662873e-16
7.829210072414004e-21
1.2291009545742855e-13
1.8256648192951165e-17
3.265175897356513e-19
9.858431082009199e-18
1.387810508247251e-20
7.494864001195121e-20
6.406978510188261e-23
5.949076388019143e-11
1.5054040403109528e-10
2.1302596482798736e-22
3.2321418362946188e-22
2.412496626298909e-21
2.331595287413322e-20
1.1033768395739914e-09
3.334292055354981e-09
3.334292055354981e-09
1.1929403177939242e-15
1.2063779851628726e-16
3.50630796466729e-06
9.709911728637602e-14
9.333299036952614e-18
8.01021281230534e-07
2.0748260531112885e-19
1.1411709176940575e-19
8.195757798230245e-14
3.153009512493344e-31
3.3004314317984895e-21
9.159981298169298e-08
1.2772979014145127e-05
8.765769911668224e-06
3.674521971808511e-27
1.36109568021327e-20
8.15611315475859e-27
2.0644039176866657e-16
8.224788488963649e-13
6.791900271871158e-30
1.745280359425739e-13
6.293527724670271e-11
9.618487757913885e-16
2.7912439872139256e-12
3.3839204172484037e-16
8.579930440692714e-13
9.888857124846543e-08
1.753153982333645e-06
3.816645317148702e-10
2.5856103337276585e-32
9.27971800250806e-11
1.320108510125251e-57
3.6715013521235796e-23
9.066310594353992e-05
1.95000348596752e-21
5.564255838169921e-12
3.578834489141616e-15
1.0177756997965886e-07
3.172988973069685e-13
3.2130699762053245e-18
1.302743470186957e-17
1.0775239117054866e-10
9.561838545332014e-21
1.4247353406678103e-22
7.391271530485469e-13
