4.279021460274937e-09
1.0612912779876167e-07
5.175275249458646e-16
9.892446719017866e-14
9.946044688575807e-19
1.1270971391053216e-12
4.164847250711981e-12
4.3419944832569604e-23
4.2314635129810385e-16
0.00038514494101886653
2.7310816758499795e-09
1.426544191955002e-10
8.579557816693895e-14
2.257489565727944e-05
1.9891151108014463e-11
1.07846901422672e-05
2.768434311974863e-05
6.32188546552032e-06
2.543532841004758e-12
1.427672812306172e-20
3.308233426396918e-33
2.7707224073002214e-31
7.00533964167256e-19
3.223558802264535e-15
5.547138358484779e-16
8.355957652008831e-10
8.054493312154079e-06
1.7703111117153102e-09
2.0516103561340666e-20
7.385246214780502e-12
4.4748466306590584e-09
5.107510743128379e-15
2.9278957967054175e-13
6.587385056973241e-11
5.342999348903353e-17
4.375732961330411e-15
1.0922470076025355e-07
7.051387093610015e-08
1.5423036270984015e-13
5.923671407638092e-10
4.735214978068407e-13
8.790537974546005e-12
3.604257848917259e-11
1.5133412718010108e-16
1.142334421768866e-13
2.478584083134113e-15
1.2588827858301788e-10
6.20531673393153e-10
9.510211806591407e-17
5.177929120004729e-19
4.894852201212158e-21
6.315302010562422e-14
9.68096432175459e-06
0.0003100198391887872
0.0003100198391887872
2.6068954026767996e-12
6.597824482877536e-12
3.0612494795875885e-06
5.640486703426224e-08
1.0450284339485008e-13
0.0025363703434495947
3.3124039087895406e-14
1.5557065039627548e-15
1.0906609708183552e-11
3.2434598348494503e-21
1.0668640852982419e-15
2.0783086832697346e-06
4.0156911794272395e-05
1.2520676127398424e-05
2.4922303016582112e-18
5.807828873840459e-16
2.7370104650378026e-19
4.149315124712514e-10
7.483774596654181e-11
1.66532741285417e-24
3.7719771093279326e-12
1.4000006829049316e-08
4.958871820075986e-12
1.787804822579982e-10
8.88660452668114e-17
1.2758584438161778e-09
1.5127645082289783e-07
8.410675333774146e-07
1.8695476657933213e-10
3.553611092302836e-25
1.0789841316766136e-10
3.4724400874647314e-56
3.096497507576491e-19
0.0012780781599569591
8.440805609456834e-17
5.999401066227695e-11
3.952108036326561e-11
5.463921057204939e-06
6.118159928778508e-13
1.1401852899281805e-12
1.4048996716149942e-12
4.060517815295036e-08
4.2866804418750365e-14
1.4764306879108992e-15
1.8343201655144596e-10
